0 0 0 2658.41 1838.66
30 0 0 2707.02 2007.98
60 0 0 2759.25 2189.94
90 0 0 2815.53 2386
120 0 0 2876.35 2597.88
0 30 0 2480.69 1842.45
30 30 0 2523.53 2014.42
60 30 0 2569.61 2199.42
90 30 0 2619.32 2398.99
120 30 0 2673.11 2614.92
0 60 0 2297.81 1846.36
30 60 0 2334.52 2021.06
60 60 0 2374.05 2209.2
90 60 0 2416.74 2412.4
120 60 0 2463 2632.54
0 90 0 2109.56 1850.38
30 90 0 2139.74 2027.89
60 90 0 2172.29 2219.29
90 90 0 2207.48 2426.25
120 90 0 2245.65 2650.76
0 120 0 1915.68 1854.51
30 120 0 1938.93 2034.94
60 120 0 1964.02 2229.7
90 120 0 1991.19 2440.56
120 120 0 2020.7 2669.63
0 150 0 1715.93 1858.78
30 150 0 1731.79 2042.21
60 150 0 1748.93 2240.45
90 150 0 1767.52 2455.37
120 150 0 1787.73 2689.16
0 180 0 1510.02 1863.17
30 180 0 1518.02 2049.71
60 180 0 1526.68 2251.56
90 180 0 1536.07 2470.69
120 180 0 1546.31 2709.41
0 210 0 1297.68 1867.7
30 210 0 1297.31 2057.46
60 210 0 1296.9 2263.05
90 210 0 1296.45 2486.55
120 210 0 1295.97 2730.4
-141.42 -5.48883 72854.8 2816.13 476.821
-122.766 -5.09522 61609.7 2786.91 689.12
-104.112 -4.70162 50364.6 2758.72 893.926
-85.4578 -4.30801 39119.5 2731.51 1091.63
-66.8036 -3.9144 27874.5 2705.23 1282.59
-141.472 24.3662 72900.8 2625.52 458.994
-122.817 24.7598 61655.8 2599.33 674.879
-104.163 25.1534 50410.7 2574.07 883.03
-85.5091 25.547 39165.6 2549.71 1083.85
-66.8549 25.9406 27920.5 2526.19 1277.73
-141.523 54.2212 72946.9 2428.85 440.601
-122.869 54.6148 61701.8 2405.89 660.194
-104.215 55.0084 50456.8 2383.77 871.8
-85.5604 55.402 39211.7 2362.44 1075.85
-66.9062 55.7956 27966.6 2341.85 1272.73
-141.574 84.0762 72993 2225.83 421.613
-122.92 84.4698 61747.9 2206.32 645.044
-104.266 84.8634 50502.8 2187.54 860.221
-85.6116 85.2571 39257.7 2169.45 1067.59
-66.9575 85.6507 28012.7 2151.99 1267.58
-141.625 113.931 73039.1 2016.14 402.003
-122.971 114.325 61794 2000.33 629.406
-104.317 114.718 50548.9 1985.12 848.276
-85.6629 115.112 39303.8 1970.47 1059.08
-67.0088 115.506 28058.7 1956.35 1262.27
-141.677 143.786 73085.1 1799.45 381.737
-123.023 144.18 61840 1787.59 613.256
-104.368 144.573 50595 1776.19 835.948
-85.7142 144.967 39349.9 1765.22 1050.31
-67.0601 145.361 28104.8 1754.65 1256.79
-141.728 173.641 73131.2 1575.4 360.784
-123.074 174.035 61886.1 1567.78 596.569
-104.42 174.429 50641 1560.45 823.217
-85.7655 174.822 39395.9 1553.4 1041.25
-67.1114 175.216 28150.9 1546.62 1251.15
-141.779 203.496 73177.3 1343.62 339.107
-123.125 203.89 61932.2 1340.53 579.317
-104.471 204.284 50687.1 1337.55 810.064
-85.8168 204.677 39442 1334.69 1031.9
-67.1626 205.071 28196.9 1331.94 1245.32
