35

0.00000000 0.00000000 0.00000000
5.00000000 0.00000000 0.00000000
10.00000000 0.00000000 0.00000000
15.00000000 0.00000000 0.00000000
20.00000000 0.00000000 0.00000000
0.00000000 5.00000000 0.00000000
5.00000000 5.00000000 0.00000000
10.00000000 5.00000000 0.00000000
15.00000000 5.00000000 0.00000000
20.00000000 5.00000000 0.00000000
0.00000000 10.00000000 0.00000000
5.00000000 10.00000000 0.00000000
10.00000000 10.00000000 0.00000000
15.00000000 10.00000000 0.00000000
20.00000000 10.00000000 0.00000000
0.00000000 15.00000000 0.00000000
5.00000000 15.00000000 0.00000000
10.00000000 15.00000000 0.00000000
15.00000000 15.00000000 0.00000000
20.00000000 15.00000000 0.00000000
0.00000000 20.00000000 0.00000000
5.00000000 20.00000000 0.00000000
10.00000000 20.00000000 0.00000000
15.00000000 20.00000000 0.00000000
20.00000000 20.00000000 0.00000000
0.00000000 25.00000000 0.00000000
5.00000000 25.00000000 0.00000000
10.00000000 25.00000000 0.00000000
15.00000000 25.00000000 0.00000000
20.00000000 25.00000000 0.00000000
0.00000000 30.00000000 0.00000000
5.00000000 30.00000000 0.00000000
10.00000000 30.00000000 0.00000000
15.00000000 30.00000000 0.00000000
20.00000000 30.00000000 0.00000000

355.18932435 359.91680679
384.18605078 356.37167269
411.58170212 353.02228573
437.50532250 349.85286898
462.07245120 346.84929663
355.18394570 396.65694145
384.18061378 392.06872612
411.57622133 387.73385060
437.49981040 383.63189625
462.06691854 379.74458126
355.17856713 433.39652566
384.17517686 427.76525990
411.57074061 422.44492413
437.49429838 417.41045821
462.06138596 412.63942462
355.17318864 470.13555943
384.16974002 463.46127405
411.56525997 457.15550631
437.48878644 451.18855489
462.05585345 445.53382672
355.16781023 506.87404276
384.16430326 499.15676858
411.55977941 491.86559718
437.48327458 484.96618628
462.05032101 478.42778755
355.16243190 543.61197568
384.15886658 534.85174350
411.55429893 526.57519672
437.47776278 518.74335240
462.04478865 511.32130714
355.15705365 580.34935818
384.15342998 570.54619882
411.54881853 561.28430496
437.47225107 552.52005326
462.03925636 544.21438550

509.25875214 359.93831894
546.63682559 363.70638808
586.33496438 367.70834211
628.57609761 371.96665443
673.61266032 376.50677291
509.25221931 396.67845344
546.62980768 401.55239703
586.32741282 406.72886498
628.56795734 412.23692584
673.60386866 418.10949550
509.24568659 433.41803749
546.62278988 439.39782190
586.31986139 445.74876695
628.55981720 452.50653593
673.59507716 459.71151228
509.23915395 470.15707109
546.61577219 477.24266268
586.31231007 484.76804802
628.55167720 492.77548472
673.58628580 501.31282327
509.23262142 506.89555427
546.60875461 515.08691940
586.30475888 523.78670821
628.54353734 533.04377222
673.57749460 542.91342849
509.22608898 543.63348702
546.60173713 552.93059207
586.29720780 562.80474754
628.53539760 573.31139845
673.56870354 584.51332796
509.21955665 580.37086937
546.59471977 590.77368070
586.28965685 601.82216602
628.52725800 613.57836343
673.55991263 626.11252169
