2830.098877 459.277802
2798.929688 676.348022
2768.316406 886.096558
2739.611328 1087.322021
2710.290771 1279.755981
2635.708252 442.295685
2608.500977 663.646790
2580.461914 876.663330
2554.876709 1080.912476
2528.720703 1275.844971
2435.758789 425.095062
2411.607422 650.120544
2387.341797 866.784851
2365.379883 1074.027222
2342.701172 1271.603760
2229.384766 406.549194
2208.727783 635.817871
2188.551270 855.991211
2170.081787 1065.965210
2151.610352 1266.898926
2017.361206 387.306183
2000.890259 620.401672
1985.188232 844.319702
1970.556396 1057.564087
1956.380615 1261.724243
1798.159546 366.738617
1786.298950 603.654419
1775.478516 831.526367
1764.881714 1048.407715
1754.635498 1256.255737
1571.015137 344.933411
1563.819580 585.861389
1557.621826 817.740173
1551.499634 1038.590332
1545.291260 1250.187866
1336.822510 322.512451
1334.306641 567.401733
1332.450317 803.375366
1330.868164 1028.004639
1328.844727 1243.896118
