0.131309 0.974558 0.181644
0.805654 0.001860 -0.592384
-0.577650 0.224127 -0.784912
-2.708371 -2.518581 0.560256
-103.648735 45.305080 429.368225
-0.074100 0.974105 0.213610
0.951513 0.004936 0.307569
0.298550 0.226043 -0.927239
2.177224 2.268420 0.603336
-88.488853 -156.554245 387.632019
0.131374 0.974522 0.181791
0.805594 0.001919 -0.592465
-0.577719 0.224284 -0.784817
-2.708530 -2.518711 0.560205
-103.648430 45.295731 429.357971
-0.074086 0.974260 0.212903
0.951450 0.005097 0.307760
0.298753 0.225368 -0.927338
2.177651 2.269033 0.602876
-88.511330 -156.573227 387.707916
0.131341 0.974562 0.181598
0.805632 0.001814 -0.592414
-0.577674 0.224109 -0.784900
-2.708416 -2.518511 0.560345
-103.646187 45.305946 429.360992
