2662.083740 1841.135864
2714.425049 2011.386719
2768.269287 2197.731934
2827.387207 2397.252441
2890.376221 2613.279785
2484.677002 1841.572510
2527.314941 2017.346191
2575.925049 2205.099609
2627.349365 2408.036865
2684.358398 2628.741211
2298.452637 1847.457031
2334.812256 2025.167847
2376.712646 2213.218750
2422.161621 2420.170898
2469.894531 2645.578125
2108.943359 1851.263062
2140.547119 2029.518921
2174.121582 2222.546143
2209.476074 2433.127686
2249.801270 2663.488037
1915.321167 1853.560425
1938.341553 2036.662354
1963.733887 2232.118408
1992.174805 2446.262451
2021.736694 2681.393799
1715.387573 1860.145874
1731.048950 2043.984741
1748.282715 2244.322754
1765.828979 2463.134521
1786.347656 2702.278320
1509.120605 1862.866211
1516.816528 2051.606445
1524.151611 2255.936279
1533.093384 2478.460205
1542.020752 2722.687256
1294.739136 1868.711304
1293.487671 2061.428223
1292.096069 2269.072266
1289.897949 2496.268799
1289.220215 2744.118408
