<?xml version="1.0"?>
<opencv_storage>
<K type_id="opencv-matrix">
  <rows>3</rows>
  <cols>3</cols>
  <dt>d</dt>
  <data>
    1.0000004104597153e+03 0. 4.9999998263971696e+02 0.
    1.0000003136114404e+03 5.0000001966837459e+02 0. 0. 1.</data></K>
<M_1 type_id="opencv-matrix">
  <rows>4</rows>
  <cols>4</cols>
  <dt>d</dt>
  <data>
    8.6602523404193787e-01 6.7902855617429074e-09
    -2.5641033168521546e-03 -7.8301257048274891e+01
    -2.4392794574257427e-09 9.9999999704153908e-01
    1.3496194860190933e-10 -6.0000003653856531e+01
    5.0000029400252033e-01 -2.6468562312035433e-08
    4.4411537387484086e-03 1.9500005683745965e+02 0. 0. 0. 1.</data></M_1>
<M_2 type_id="opencv-matrix">
  <rows>4</rows>
  <cols>4</cols>
  <dt>d</dt>
  <data>
    8.6602538178644073e-01 -2.7799700428556650e-10
    2.5641019900474044e-03 8.3012724362657675e+00
    -1.1665907051568357e-08 9.9999999735275757e-01
    8.4309356137723964e-12 -6.0000003809810821e+01
    -5.0000003810164806e-01 -1.7378641002913987e-09
    4.4411544713097431e-03 1.9500005800033827e+02 0. 0. 0. 1.</data></M_2>
</opencv_storage>
