<?xml version="1.0"?>
<opencv_storage>
<K type_id="opencv-matrix">
  <rows>3</rows>
  <cols>3</cols>
  <dt>d</dt>
  <data>
    3.4993829798499810e+03 0. 4.9925227437945153e+02 0.
    3.4993961856890860e+03 5.0023684629533557e+02 0. 0. 1.</data></K>
<M_1 type_id="opencv-matrix">
  <rows>4</rows>
  <cols>4</cols>
  <dt>d</dt>
  <data>
    8.6613901737113930e-01 -1.1073186416194275e-05
    -5.1270696144463932e-04 -7.8093069359399877e+01
    -4.0110522490525692e-05 1.0000012856680307e+00
    -1.9016959311312416e-07 -6.0065780606800338e+01
    4.9980316223339727e-01 2.0764476901427613e-04 8.8850077333009567e-04
    9.7483328826821912e+02 0. 0. 0. 1.</data></M_1>
<M_2 type_id="opencv-matrix">
  <rows>4</rows>
  <cols>4</cols>
  <dt>d</dt>
  <data>
    8.6592153389465154e-01 -1.5083163619142988e-06
    5.1309041094274631e-04 8.5097955330321149e+00 3.4788494796287011e-05
    9.9999901647535039e-01 3.7329648716067351e-08
    -6.0065967876756794e+01 -5.0017986357638855e-01
    -4.1153708763866367e-05 8.8827253818659258e-04
    9.7483671403342771e+02 0. 0. 0. 1.</data></M_2>
</opencv_storage>
