<?xml version="1.0"?>
<opencv_storage>
<K type_id="opencv-matrix">
  <rows>3</rows>
  <cols>3</cols>
  <dt>d</dt>
  <data>
    1.0000004201014117e+03 0. 4.9999998264472714e+02 0.
    1.0000003208470634e+03 5.0000001966837459e+02 0. 0. 1.</data></K>
<M_1 type_id="opencv-matrix">
  <rows>4</rows>
  <cols>4</cols>
  <dt>d</dt>
  <data>
    8.6602523195382186e-01 6.7902855455227724e-09
    -2.5641033168465532e-03 -7.8301256860682372e+01
    -2.4392794327862177e-09 9.9999999703935460e-01
    1.3496194827688633e-10 -6.0000003653725450e+01
    5.0000029761924059e-01 -2.6468562503494092e-08
    4.4411536959056202e-03 1.9500005824798012e+02 0. 0. 0. 1.</data></M_1>
<M_2 type_id="opencv-matrix">
  <rows>4</rows>
  <cols>4</cols>
  <dt>d</dt>
  <data>
    8.6602537969957905e-01 -2.7799700360616579e-10
    2.5641019900306834e-03 8.3012724152611828e+00
    -1.1665907093618462e-08 9.9999999734623624e-01
    8.4309355934319799e-12 -6.0000003809419546e+01
    -5.0000004171619805e-01 -1.7378641128545913e-09
    4.4411544284733819e-03 1.9500005941001311e+02 0. 0. 0. 1.</data></M_2>
</opencv_storage>
