<?xml version="1.0"?>
<opencv_storage>
<K type_id="opencv-matrix">
  <rows>3</rows>
  <cols>3</cols>
  <dt>d</dt>
  <data>
    1.0166640779175577e+03 0. 4.9995396118557653e+02 0.
    1.0124426683551909e+03 5.0000271538057382e+02 0. 0. 1.</data></K>
<M_1 type_id="opencv-matrix">
  <rows>4</rows>
  <cols>4</cols>
  <dt>d</dt>
  <data>
    8.6244188056852300e-01 1.6997813913453260e-06
    -2.5637469049154035e-03 -7.7967148412233385e+01
    -1.5981928709204004e-06 1.0000000074727156e+00
    3.2730873497866259e-08 -6.0000535214686685e+01
    5.0615610500998143e-01 -6.4950984338030063e-06
    4.3683809799857660e-03 1.9742826712399810e+02 0. 0. 0. 1.</data></M_1>
<M_2 type_id="opencv-matrix">
  <rows>4</rows>
  <cols>4</cols>
  <dt>d</dt>
  <data>
    8.6240364902462141e-01 6.7459831370183719e-07 2.5641033928205277e-03
    8.2757984076087592e+00 -2.3714535209170275e-06
    9.9999995137895414e-01 -1.5797266037790449e-08
    -6.0000391748558286e+01 -5.0622124228779031e-01
    3.2204158528661247e-06 4.3682325784842558e-03 1.9742621108203480e+02
    0. 0. 0. 1.</data></M_2>
</opencv_storage>
