<?xml version="1.0"?>
<opencv_storage>
<K type_id="opencv-matrix">
  <rows>3</rows>
  <cols>3</cols>
  <dt>d</dt>
  <data>
    3.4791216729055159e+03 0. 5.0000162457664248e+02 0.
    3.4791216729055159e+03 4.9999998406567528e+02 0. 0. 1.</data></K>
<M_1 type_id="opencv-matrix">
  <rows>4</rows>
  <cols>4</cols>
  <dt>d</dt>
  <data>
    4.4566655528586463e-01 3.4943847985775959e-09
    -1.3195182083740214e-03 -4.0294931261688085e+01
    7.9055074405998822e-09 5.1461194866757398e-01 6.9453038297879822e-11
    -3.0876715319013304e+01 8.9519904015790319e-01
    -4.7389235287078326e-08 6.5690992526008189e-04
    3.4912752213451807e+02 0. 0. 0. 1.</data></M_1>
<M_2 type_id="opencv-matrix">
  <rows>4</rows>
  <cols>4</cols>
  <dt>d</dt>
  <data>
    4.4566747614029090e-01 -1.4305912590773549e-10
    1.3195175251786780e-03 4.2717696426330170e+00
    -1.5164200293750864e-08 5.1461194866948323e-01
    4.3386606369874695e-12 -3.0876715389774350e+01
    -8.9519858171846045e-01 -3.1114667184965571e-09
    6.5691127888114836e-04 3.4912752410917261e+02 0. 0. 0. 1.</data></M_2>
</opencv_storage>
